1682176295.029540,0
1682176295.133962,0
1682176295.247087,0
1682176295.366185,0
1682176295.470378,0
1682176295.586101,0
1682176295.690599,0
1682176295.803041,0
1682176295.915049,0
1682176296.021375,2
1682176296.125931,0
1682176296.229728,0
1682176296.337969,0
1682176296.441917,0
1682176296.546871,0
1682176296.651241,0
1682176296.754971,0
1682176296.864040,0
1682176296.968063,0
1682176297.073821,0
1682176297.185352,0
1682176297.291302,0
1682176297.395777,0
1682176297.514150,0
1682176297.637050,0
1682176297.745643,0
1682176297.850014,0
1682176297.954382,0
1682176298.061852,0
1682176298.174970,0
1682176298.280370,0
1682176298.384989,0
1682176298.489194,0
1682176298.594938,0
1682176298.698964,0
1682176298.804358,0
1682176298.909648,0
1682176299.023428,0
1682176299.129933,0
1682176299.233696,0
1682176299.365373,0
1682176299.479904,0
1682176299.593345,0
1682176299.697383,0
1682176299.802405,0
1682176299.906711,0
1682176300.013973,0
1682176300.121524,0
1682176300.225913,0
1682176300.329490,0
1682176300.446063,0
1682176300.553531,0
1682176300.658872,0
1682176300.762478,0
1682176300.877197,0
1682176300.990110,0
1682176301.101127,1
1682176301.209996,0
1682176301.315309,0
1682176301.420065,0
1682176301.525725,0
1682176301.632712,0
1682176301.740679,0
1682176301.845688,0
1682176301.958043,0
1682176302.062758,0
1682176302.168219,0
1682176302.275458,0
1682176302.383913,0
1682176302.489938,0
1682176302.602348,0
1682176302.706619,0
1682176302.811401,0
1682176302.917712,0
1682176303.022129,0
1682176303.127633,0
1682176303.254754,0
1682176303.369466,0
1682176303.480240,0
1682176303.592762,0
1682176303.698519,0
1682176303.802522,0
1682176303.909253,0
1682176304.033438,0
1682176304.141252,0
1682176304.246797,0
1682176304.352861,0
1682176304.468849,0
1682176304.592498,0
1682176304.699831,0
1682176304.809021,0
1682176304.914544,0
1682176305.018632,0
1682176305.126219,0
1682176305.230638,0
1682176305.337975,0
1682176305.444353,0
1682176305.548541,0
1682176305.654890,0
1682176305.759238,0
1682176305.863637,0
1682176305.968985,0
1682176306.075022,0
1682176306.185518,0
1682176306.289598,0
1682176306.394208,0
1682176306.498117,0
1682176306.601652,0
1682176306.706640,0
1682176306.811509,0
1682176306.918967,0
1682176307.024100,0
1682176307.148646,0
1682176307.254064,0
1682176307.362120,0
1682176307.476074,0
1682176307.585413,0
1682176307.697711,0
1682176307.803230,0
1682176307.909952,0
1682176308.015008,0
1682176308.118710,0
1682176308.222680,0
1682176308.327528,0
1682176308.434024,0
1682176308.542561,0
1682176308.647096,0
1682176308.751371,0
1682176308.855580,0
1682176308.965536,0
1682176309.070378,0
1682176309.175565,0
1682176309.288362,0
1682176309.393120,0
1682176309.497584,0
1682176309.646608,0
1682176309.751966,0
1682176309.857127,0
1682176309.961843,0
1682176310.075606,0
1682176310.180019,0
1682176310.283871,0
1682176310.388205,0
1682176310.520348,0
1682176310.633329,0
1682176310.743114,0
1682176310.849666,0
1682176310.955613,0
1682176311.074965,0
1682176311.189402,0
1682176311.296770,0
1682176311.404034,0
1682176311.521958,0
1682176311.626219,1
1682176311.729704,0
1682176311.840693,0
1682176311.945810,0
1682176312.049995,0
1682176312.153953,0
1682176312.258667,0
1682176312.368940,0
1682176312.475914,0
1682176312.590364,0
1682176312.714287,0
1682176312.837971,0
1682176312.942401,0
1682176313.047113,0
1682176313.151440,0
1682176313.286981,0
1682176313.400958,0
1682176313.507835,0
1682176313.614330,0
1682176313.740288,0
1682176313.847082,0
1682176313.957980,0
1682176314.064321,0
1682176314.168407,0
1682176314.272598,0
1682176314.383204,0
1682176314.508877,0
1682176314.619735,0
1682176314.736253,0
1682176314.841565,0
1682176314.949512,0
1682176315.076116,0
1682176315.182688,0
1682176315.294359,0
1682176315.398803,0
1682176315.502903,0
1682176315.607444,0
1682176315.711442,0
1682176315.815635,0
1682176315.919414,0
1682176316.028215,0
1682176316.140060,0
1682176316.244530,0
1682176316.348596,0
1682176316.453367,0
1682176316.560694,0
1682176316.665517,0
1682176316.769899,2
1682176316.873287,0
1682176316.980300,0
1682176317.085381,0
1682176317.190381,0
1682176317.295908,0
1682176317.409459,0
1682176317.521840,1
1682176317.656588,0
1682176317.760964,0
1682176317.865337,0
1682176317.972496,0
1682176318.079096,0
1682176318.189407,0
1682176318.293890,0
1682176318.397994,0
1682176318.511242,0
1682176318.615552,0
1682176318.720169,0
1682176318.824395,0
1682176318.931930,0
1682176319.042621,0
1682176319.148333,0
1682176319.254055,0
1682176319.382242,0
1682176319.493025,0
1682176319.599754,0
1682176319.704842,0
1682176319.809337,0
1682176319.914582,0
1682176320.019379,0
1682176320.124648,0
1682176320.229398,0
1682176320.333735,0
1682176320.462737,0
1682176320.568692,0
1682176320.676907,0
1682176320.782099,0
1682176320.888076,0
1682176321.001380,0
1682176321.105909,0
1682176321.214618,0
1682176321.324131,0
1682176321.430188,0
1682176321.534673,0
1682176321.646281,0
1682176321.751022,0
1682176321.856376,0
1682176321.972002,0
1682176322.076224,0
1682176322.181060,0
1682176322.285087,0
1682176322.390034,0
1682176322.509563,0
1682176322.627295,0
1682176322.740321,0
1682176322.846820,0
1682176322.956957,0
1682176323.078294,0
1682176323.189709,0
1682176323.300706,0
1682176323.413549,0
1682176323.517880,0
1682176323.621534,0
1682176323.727264,0
1682176323.832512,0
1682176323.939253,0
1682176324.045144,0
1682176324.149209,0
1682176324.253415,0
1682176324.356967,0
1682176324.462696,0
1682176324.580075,0
1682176324.686179,0
1682176324.790828,0
1682176324.896950,0
1682176325.005965,0
1682176325.112613,0
1682176325.216880,0
1682176325.334710,0
1682176325.440800,0
1682176325.546612,0
1682176325.659269,0
1682176325.763570,0
1682176325.867892,0
1682176325.982237,0
1682176326.097536,0
1682176326.220964,0
1682176326.345403,0
1682176326.449363,0
1682176326.556285,0
1682176326.687174,0
1682176326.802049,0
1682176326.933472,0
