1682249560.791136,0
1682249560.900735,8
1682249561.023608,11
1682249561.129926,10
1682249561.236948,9
1682249561.346400,9
1682249561.472672,8
1682249561.577708,9
1682249561.681429,12
1682249561.790528,11
1682249561.894101,15
1682249562.001304,16
1682249562.104976,22
1682249562.208701,29
1682249562.314773,33
1682249562.420507,36
1682249562.528240,39
1682249562.632145,42
1682249562.737069,37
1682249562.840957,28
1682249562.951110,19
1682249563.083672,9
1682249563.188493,11
1682249563.293675,17
1682249563.399038,22
1682249563.503360,25
1682249563.607367,27
1682249563.713197,31
1682249563.818199,33
1682249563.923731,32
1682249564.027687,33
1682249564.132283,28
1682249564.237422,23
1682249564.342912,13
1682249564.450296,13
1682249564.554342,14
1682249564.659263,19
1682249564.770576,24
1682249564.877564,26
1682249564.997045,28
1682249565.105140,31
1682249565.217228,32
1682249565.336476,33
1682249565.441122,29
1682249565.548369,25
1682249565.655552,14
1682249565.760157,12
1682249565.866529,6
1682249565.976954,6
1682249566.081205,6
1682249566.185329,7
1682249566.289765,6
1682249566.394631,6
1682249566.498367,6
1682249566.603406,9
1682249566.707575,9
1682249566.811555,10
1682249566.916155,10
1682249567.020508,9
1682249567.125542,9
1682249567.229073,10
1682249567.333964,10
1682249567.448562,10
1682249567.552847,10
1682249567.657154,11
1682249567.761695,9
1682249567.868033,11
1682249567.973853,11
1682249568.077364,10
1682249568.185188,11
1682249568.289692,12
1682249568.396401,10
1682249568.502584,12
1682249568.608364,11
1682249568.712705,13
1682249568.816531,11
1682249568.921429,12
1682249569.025003,12
1682249569.129103,12
1682249569.233529,12
1682249569.337471,11
1682249569.441143,11
1682249569.546415,12
1682249569.649730,9
1682249569.754489,9
1682249569.857659,9
1682249569.961131,10
1682249570.065605,10
1682249570.170712,9
1682249570.274334,10
1682249570.378545,11
1682249570.487808,9
1682249570.592604,10
1682249570.712098,11
1682249570.815721,11
1682249570.920701,14
1682249571.025038,17
1682249571.128691,21
1682249571.232504,30
1682249571.340825,32
1682249571.444291,37
1682249571.547660,31
1682249571.651545,22
1682249571.755526,23
1682249571.861628,23
1682249571.964964,22
1682249572.069312,23
1682249572.178284,29
1682249572.282303,29
1682249572.387246,29
1682249572.491359,33
1682249572.595140,33
1682249572.699582,35
1682249572.803522,36
1682249572.913076,43
1682249573.018658,44
1682249573.124067,47
1682249573.234881,52
1682249573.344879,55
1682249573.451004,55
1682249573.562611,49
1682249573.670662,43
1682249573.783072,35
1682249573.888322,32
1682249573.992772,29
1682249574.097066,23
1682249574.203401,20
1682249574.307513,26
1682249574.424285,26
1682249574.529036,30
1682249574.634130,33
1682249574.759258,34
1682249574.868864,39
1682249574.984432,38
1682249575.092797,40
1682249575.204096,44
1682249575.307616,49
1682249575.412240,50
1682249575.516575,52
1682249575.621207,47
1682249575.733014,42
1682249575.837009,35
1682249575.941668,33
1682249576.046519,29
1682249576.151970,26
1682249576.256647,21
1682249576.360650,19
1682249576.464506,18
1682249576.568995,18
1682249576.673298,18
1682249576.777052,18
1682249576.880729,19
1682249576.985067,18
1682249577.092918,18
1682249577.198672,18
1682249577.307435,18
1682249577.412869,19
1682249577.519869,20
1682249577.626493,18
1682249577.731907,21
1682249577.841367,20
1682249577.945015,20
1682249578.048959,20
1682249578.153354,21
1682249578.257788,22
1682249578.362418,21
1682249578.468767,22
1682249578.572754,22
1682249578.676557,23
1682249578.782758,23
1682249578.889671,24
1682249578.992977,21
1682249579.096432,21
1682249579.200959,21
1682249579.305458,21
1682249579.408852,22
1682249579.513553,22
1682249579.616890,23
1682249579.721583,23
1682249579.825744,21
1682249579.930630,20
1682249580.034819,21
1682249580.140684,22
1682249580.247846,21
1682249580.352551,21
1682249580.457189,20
1682249580.563494,20
1682249580.669031,21
1682249580.774534,20
1682249580.880059,20
1682249580.986155,21
1682249581.090898,20
1682249581.201455,20
1682249581.306624,20
1682249581.413477,20
1682249581.526468,12
1682249581.638884,8
1682249581.744868,10
1682249581.849137,24
1682249581.952577,35
1682249582.057452,38
1682249582.160851,40
1682249582.265337,41
1682249582.368909,42
1682249582.472593,40
1682249582.576192,36
1682249582.680197,32
1682249582.784321,29
1682249582.888358,27
1682249582.992320,26
1682249583.095953,26
1682249583.201241,32
1682249583.304958,31
1682249583.410866,32
1682249583.516362,36
1682249583.620010,36
1682249583.724215,36
1682249583.827617,39
1682249583.931249,40
1682249584.035569,42
1682249584.139768,46
1682249584.243278,51
1682249584.347052,54
1682249584.451627,55
1682249584.555285,48
1682249584.659945,43
1682249584.763885,36
1682249584.867485,35
1682249584.973028,32
1682249585.082980,29
1682249585.189118,27
1682249585.292929,27
1682249585.398102,32
1682249585.504205,31
1682249585.608379,32
1682249585.717836,36
1682249585.822358,37
1682249585.926250,40
1682249586.030745,43
1682249586.134679,41
1682249586.238104,45
1682249586.341484,48
1682249586.445586,54
1682249586.550824,54
1682249586.654638,55
1682249586.758956,48
1682249586.868109,42
1682249586.976879,36
1682249587.080989,35
1682249587.184384,29
1682249587.288314,28
1682249587.391791,26
1682249587.495319,23
1682249587.599651,22
1682249587.703521,20
1682249587.808405,18
1682249587.913131,18
1682249588.016780,18
1682249588.121512,18
1682249588.225689,19
1682249588.329433,19
1682249588.433969,20
1682249588.538074,19
1682249588.642983,19
1682249588.747324,20
1682249588.851197,22
1682249588.955966,20
1682249589.067740,20
1682249589.171414,20
1682249589.275072,21
1682249589.379705,20
1682249589.484530,24
1682249589.587864,23
1682249589.691273,21
1682249589.795815,21
1682249589.899354,21
1682249590.004721,20
1682249590.116829,21
1682249590.221179,22
1682249590.325105,19
1682249590.434677,19
1682249590.544047,20
1682249590.647860,22
1682249590.752113,21
1682249590.857049,22
1682249590.961607,20
1682249591.066286,21
1682249591.170951,21
1682249591.276816,19
1682249591.389331,18
1682249591.497672,20
1682249591.602512,19
1682249591.710854,17
1682249591.815223,15
1682249591.928277,6
1682249592.039990,2
1682249592.153231,2
