1682178651.088849,0
1682178651.198061,0
1682178651.301956,0
1682178651.407969,0
1682178651.529503,0
1682178651.638681,0
1682178651.751936,0
1682178651.856928,0
1682178651.964440,0
1682178652.080447,0
1682178652.184177,0
1682178652.288186,0
1682178652.393192,0
1682178652.498464,0
1682178652.603042,0
1682178652.710116,0
1682178652.819175,0
1682178652.923761,0
1682178653.039390,0
1682178653.152259,0
1682178653.258055,0
1682178653.370450,0
1682178653.477587,0
1682178653.582082,0
1682178653.687258,0
1682178653.791047,0
1682178653.897184,0
1682178654.010970,0
1682178654.125651,0
1682178654.240530,0
1682178654.353534,0
1682178654.458924,0
1682178654.569595,0
1682178654.674841,0
1682178654.779071,0
1682178654.890851,0
1682178655.005130,0
1682178655.118215,0
1682178655.233626,0
1682178655.346623,0
1682178655.461150,0
1682178655.568014,0
1682178655.672854,0
1682178655.777369,0
1682178655.885696,0
1682178655.994845,0
1682178656.104762,0
1682178656.217284,0
1682178656.325912,0
1682178656.433169,0
1682178656.538668,0
1682178656.645978,0
1682178656.754473,0
1682178656.858094,0
1682178656.962267,0
1682178657.067504,0
1682178657.187400,0
1682178657.294175,0
1682178657.400494,0
1682178657.505712,0
1682178657.612345,0
1682178657.717693,0
1682178657.821361,0
1682178657.925226,0
1682178658.029054,0
1682178658.134936,0
1682178658.245240,0
1682178658.355500,0
1682178658.469740,0
1682178658.574221,0
1682178658.682152,0
1682178658.786159,0
1682178658.894281,0
1682178658.998073,0
1682178659.101895,0
1682178659.206208,0
1682178659.313529,0
1682178659.420617,0
1682178659.534884,0
1682178659.648567,0
1682178659.755012,0
1682178659.870036,0
1682178659.976825,0
1682178660.080890,0
1682178660.187828,0
1682178660.292523,0
1682178660.397240,0
1682178660.501160,0
1682178660.613009,0
1682178660.727004,0
1682178660.832337,0
1682178660.942663,0
1682178661.047772,0
1682178661.154126,0
1682178661.258302,0
1682178661.363257,0
1682178661.473120,0
1682178661.587186,0
1682178661.700963,0
1682178661.806443,0
1682178661.913358,0
1682178662.027322,0
1682178662.134255,0
1682178662.240738,0
1682178662.348850,0
1682178662.453188,0
1682178662.557668,0
1682178662.667298,0
1682178662.772294,0
1682178662.879936,0
1682178662.984662,0
1682178663.092228,0
1682178663.197848,0
1682178663.302777,0
1682178663.407014,0
1682178663.512407,0
1682178663.624198,0
1682178663.738000,0
1682178663.844301,0
1682178663.950263,0
1682178664.059619,0
1682178664.165169,0
1682178664.270828,0
1682178664.376377,0
1682178664.480626,0
1682178664.591404,0
1682178664.704240,0
1682178664.811383,1
1682178664.925162,0
1682178665.036237,0
1682178665.143699,0
1682178665.257345,0
1682178665.364067,0
1682178665.471502,0
1682178665.576432,0
1682178665.681541,0
1682178665.785672,0
1682178665.898242,0
1682178666.003920,0
1682178666.118153,0
1682178666.231749,0
1682178666.335936,0
1682178666.439874,0
1682178666.548446,0
1682178666.654170,0
1682178666.760143,0
1682178666.873520,0
1682178666.986632,0
1682178667.102218,0
1682178667.209340,0
1682178667.315573,0
1682178667.423880,0
1682178667.532343,0
1682178667.637823,0
1682178667.741504,0
1682178667.845882,0
1682178667.954082,0
1682178668.067146,0
1682178668.174995,0
1682178668.280894,0
1682178668.390884,0
1682178668.495278,0
1682178668.600030,0
1682178668.705560,0
1682178668.811601,0
1682178668.923022,0
1682178669.029967,0
1682178669.134503,0
1682178669.238753,0
1682178669.343564,0
1682178669.450188,0
1682178669.554515,0
1682178669.659027,0
1682178669.770369,0
1682178669.885649,0
1682178669.999079,0
1682178670.109468,0
1682178670.214330,0
1682178670.322582,0
1682178670.438050,0
1682178670.547643,0
1682178670.651649,0
1682178670.756247,0
1682178670.868819,0
1682178670.972596,0
1682178671.086807,0
1682178671.201334,0
1682178671.310416,0
1682178671.416213,0
1682178671.520724,0
1682178671.625137,0
1682178671.731715,0
1682178671.847140,0
1682178671.964127,0
1682178672.076800,0
1682178672.184368,0
1682178672.293164,0
1682178672.406212,0
1682178672.512007,0
1682178672.616019,0
1682178672.725945,0
1682178672.831255,0
1682178672.945078,0
1682178673.058869,0
1682178673.173238,0
1682178673.287193,0
1682178673.394483,0
1682178673.499390,0
1682178673.603575,0
1682178673.710965,0
1682178673.816034,0
1682178673.929477,0
1682178674.043587,0
1682178674.151301,0
1682178674.259928,0
1682178674.365308,0
1682178674.469352,0
1682178674.577059,0
1682178674.685028,0
1682178674.789509,0
1682178674.904329,0
1682178675.017668,0
1682178675.130570,0
1682178675.235771,0
1682178675.340427,0
1682178675.445807,0
1682178675.554417,0
1682178675.669180,1
1682178675.775732,0
1682178675.883725,0
1682178675.994240,0
1682178676.100705,0
1682178676.205375,0
1682178676.308998,0
1682178676.415200,0
1682178676.528235,0
1682178676.641741,0
1682178676.757399,0
1682178676.870344,0
1682178676.976651,0
1682178677.080518,0
1682178677.184051,0
1682178677.287752,0
1682178677.392367,0
1682178677.503049,0
1682178677.615765,0
1682178677.722263,0
1682178677.827547,0
1682178677.934134,0
1682178678.038794,0
1682178678.146939,0
1682178678.251640,0
1682178678.357435,0
1682178678.461177,0
1682178678.574974,0
1682178678.688712,0
1682178678.793666,0
1682178678.906100,0
1682178679.012421,0
1682178679.121509,0
1682178679.226574,0
1682178679.331923,0
1682178679.436921,0
1682178679.550093,0
1682178679.657105,0
1682178679.761296,0
1682178679.874089,0
1682178679.980318,0
1682178680.090413,0
1682178680.204064,0
1682178680.308592,0
1682178680.415559,0
1682178680.521929,0
1682178680.627034,0
1682178680.731586,0
1682178680.836079,0
1682178680.941139,0
1682178681.055516,0
1682178681.172569,0
1682178681.286287,0
1682178681.396397,0
1682178681.503257,0
1682178681.617707,0
1682178681.732064,0
1682178681.837544,0
1682178681.946390,0
1682178682.051207,0
1682178682.156657,0
1682178682.265046,0
1682178682.372733,0
1682178682.486909,0
1682178682.599767,0
1682178682.704462,0
1682178682.811234,0
1682178682.923792,0
