1682249944.880865,0
1682249944.985588,8
1682249945.091295,10
1682249945.206219,10
1682249945.309997,9
1682249945.413663,8
1682249945.517091,8
1682249945.620556,8
1682249945.723917,8
1682249945.828100,9
1682249945.932323,7
1682249946.036782,16
1682249946.140554,21
1682249946.245258,20
1682249946.349091,20
1682249946.452471,25
1682249946.555810,27
1682249946.659755,24
1682249946.764343,22
1682249946.867822,22
1682249946.973246,20
1682249947.077062,20
1682249947.180362,18
1682249947.284659,11
1682249947.388294,10
1682249947.494763,14
1682249947.598576,22
1682249947.702047,26
1682249947.805809,26
1682249947.909099,30
1682249948.012786,31
1682249948.117981,33
1682249948.221559,34
1682249948.324951,30
1682249948.429744,27
1682249948.533116,18
1682249948.637044,12
1682249948.741068,15
1682249948.844350,19
1682249948.947923,23
1682249949.051960,25
1682249949.155743,28
1682249949.260264,32
1682249949.364086,34
1682249949.468172,36
1682249949.572106,36
1682249949.675839,33
1682249949.779650,23
1682249949.883554,13
1682249949.988227,9
1682249950.098771,6
1682249950.202345,7
1682249950.306068,7
1682249950.409853,7
1682249950.513779,8
1682249950.617955,7
1682249950.721568,7
1682249950.827280,7
1682249950.930787,9
1682249951.035739,9
1682249951.147548,8
1682249951.253862,8
1682249951.357907,9
1682249951.461611,9
1682249951.565218,10
1682249951.669392,9
1682249951.773079,10
1682249951.876712,7
1682249951.980450,9
1682249952.085705,9
1682249952.188936,10
1682249952.292319,10
1682249952.395883,9
1682249952.499352,10
1682249952.605102,10
1682249952.708719,11
1682249952.811997,11
1682249952.917103,11
1682249953.020901,10
1682249953.125119,12
1682249953.228604,11
1682249953.332300,11
1682249953.436550,9
1682249953.540484,10
1682249953.644456,9
1682249953.748436,10
1682249953.852426,9
1682249953.955907,10
1682249954.059307,10
1682249954.162507,11
1682249954.267020,10
1682249954.370878,11
1682249954.475601,12
1682249954.580962,10
1682249954.684844,11
1682249954.792257,7
1682249954.897337,7
1682249955.001707,4
1682249955.105932,12
1682249955.209534,17
1682249955.313096,22
1682249955.416624,24
1682249955.520720,26
1682249955.624761,26
1682249955.728369,23
1682249955.834711,22
1682249955.938566,24
1682249956.041822,22
1682249956.145097,22
1682249956.249173,24
1682249956.352598,19
1682249956.456422,14
1682249956.560153,12
1682249956.663818,13
1682249956.767713,18
1682249956.871133,24
1682249956.975280,28
1682249957.080082,32
1682249957.183972,33
1682249957.288773,34
1682249957.393537,35
1682249957.497468,34
1682249957.601954,32
1682249957.705133,32
1682249957.808583,28
1682249957.912531,25
1682249958.016412,20
1682249958.121823,15
1682249958.225115,15
1682249958.328548,14
1682249958.432237,22
1682249958.535968,31
1682249958.639290,36
1682249958.743604,35
1682249958.847487,37
1682249958.951083,37
1682249959.055745,36
1682249959.159079,40
1682249959.263901,36
1682249959.367645,29
1682249959.471320,23
1682249959.574677,19
1682249959.678407,15
1682249959.786476,10
1682249959.890317,7
1682249959.994007,6
1682249960.097359,2
1682249960.200630,3
1682249960.305107,7
1682249960.408551,7
1682249960.512857,7
1682249960.617165,6
1682249960.720600,6
1682249960.824547,7
1682249960.928404,7
1682249961.031914,7
1682249961.136260,6
1682249961.242609,7
1682249961.347183,7
1682249961.450531,7
1682249961.554280,6
1682249961.658610,7
1682249961.762189,7
1682249961.865861,7
1682249961.969425,7
1682249962.073512,10
1682249962.178372,11
1682249962.282128,12
1682249962.385540,12
1682249962.489234,12
1682249962.592652,12
1682249962.696599,11
1682249962.802284,10
1682249962.905513,11
1682249963.008873,10
1682249963.112339,11
1682249963.216139,10
1682249963.327764,10
1682249963.431757,10
1682249963.535324,12
1682249963.638787,12
1682249963.743259,11
1682249963.848037,13
1682249963.951655,10
1682249964.055055,10
1682249964.158577,10
1682249964.262259,10
1682249964.366263,11
1682249964.470059,10
1682249964.574372,10
1682249964.678137,11
1682249964.781872,17
1682249964.886314,20
1682249964.990838,22
1682249965.094345,26
1682249965.198104,27
1682249965.302807,32
1682249965.406200,34
1682249965.509468,35
1682249965.613114,37
1682249965.716677,31
1682249965.820416,27
1682249965.924178,21
1682249966.028603,14
1682249966.132211,11
1682249966.235694,17
1682249966.339180,22
1682249966.442688,24
1682249966.546537,26
1682249966.657364,27
1682249966.761619,32
1682249966.865931,35
1682249966.969550,35
1682249967.074130,37
1682249967.177455,29
1682249967.281042,27
1682249967.384582,20
1682249967.488320,14
1682249967.591913,11
1682249967.695788,17
1682249967.799105,23
1682249967.903208,25
1682249968.008230,28
1682249968.115825,28
1682249968.220025,31
1682249968.323965,33
1682249968.427575,35
1682249968.531350,36
1682249968.634975,28
1682249968.738731,25
1682249968.842104,17
1682249968.946525,14
1682249969.050230,11
1682249969.154211,11
1682249969.257968,9
1682249969.363066,9
1682249969.466416,10
1682249969.570611,10
1682249969.675174,10
1682249969.779577,10
1682249969.884795,9
1682249969.988441,10
1682249970.091921,9
1682249970.196499,5
1682249970.300260,2
1682249970.403759,2
1682249970.507842,3
1682249970.613472,8
1682249970.722832,10
1682249970.826795,11
1682249970.930961,13
1682249971.034685,11
1682249971.139128,12
1682249971.243341,11
1682249971.347485,12
1682249971.450654,12
1682249971.553959,13
1682249971.657388,11
1682249971.760953,11
1682249971.866178,11
1682249971.970388,11
1682249972.074389,10
1682249972.178485,12
1682249972.282328,12
1682249972.386463,13
1682249972.490655,13
1682249972.607111,13
1682249972.719070,12
1682249972.831594,11
1682249972.936229,12
1682249973.040818,12
1682249973.145310,11
1682249973.250125,12
1682249973.353509,11
1682249973.457941,13
1682249973.562968,11
1682249973.666927,11
1682249973.771192,10
1682249973.875278,10
1682249973.979415,13
1682249974.083311,17
1682249974.187736,17
1682249974.292294,25
1682249974.395805,27
1682249974.499200,29
1682249974.602555,30
1682249974.706014,35
1682249974.811551,37
1682249974.915416,37
1682249975.021063,39
1682249975.126609,32
1682249975.231439,27
1682249975.335188,21
1682249975.447351,12
1682249975.551474,13
1682249975.655323,18
1682249975.758964,22
1682249975.862868,23
1682249975.966140,28
1682249976.069338,28
1682249976.172661,31
1682249976.276352,35
1682249976.379906,35
1682249976.483661,35
1682249976.587759,33
1682249976.694958,25
1682249976.800492,22
1682249976.904261,14
1682249977.007883,14
1682249977.111954,20
1682249977.216302,19
1682249977.320517,22
1682249977.424163,20
1682249977.528603,19
1682249977.632338,22
1682249977.735854,30
1682249977.839080,24
1682249977.943305,15
1682249978.047004,6
1682249978.150271,0
1682249978.257020,0
1682249978.361372,0
1682249978.465020,0
1682249978.569508,0
1682249978.673727,0
1682249978.778595,0
1682249978.882932,0
1682249978.987470,0
1682249979.091055,0
1682249979.194790,0
1682249979.298817,0
1682249979.407595,0
1682249979.512629,0
1682249979.616180,0
1682249979.720048,0
1682249979.823903,0
1682249979.927645,0
1682249980.031083,0
1682249980.135710,0
1682249980.242735,0
1682249980.348503,0
1682249980.453901,0
1682249980.558877,0
1682249980.662475,0
1682249980.766198,0
1682249980.869299,0
1682249980.972555,0
1682249981.076076,0
1682249981.179836,0
1682249981.286195,0
1682249981.400622,0
1682249981.504530,0
1682249981.609598,0
1682249981.715798,0
1682249981.823001,0
1682249981.926439,0
1682249982.030012,0
1682249982.134745,0
1682249982.241335,0
1682249982.353289,0
1682249982.459457,0
1682249982.563871,0
1682249982.667974,0
1682249982.772339,0
1682249982.878208,0
1682249982.981559,0
1682249983.084861,0
