1682249832.343297,0
1682249832.451504,9
1682249832.563160,11
1682249832.666775,11
1682249832.771490,10
1682249832.876365,9
1682249832.988305,7
1682249833.092341,10
1682249833.196280,8
1682249833.306140,8
1682249833.409661,6
1682249833.514310,18
1682249833.618101,19
1682249833.722090,19
1682249833.826418,20
1682249833.930107,20
1682249834.039760,20
1682249834.144532,20
1682249834.248949,20
1682249834.352500,19
1682249834.456083,20
1682249834.560039,18
1682249834.670957,14
1682249834.775052,9
1682249834.879532,9
1682249834.983132,14
1682249835.086630,17
1682249835.193799,20
1682249835.297327,20
1682249835.401064,20
1682249835.504865,17
1682249835.614827,20
1682249835.718279,19
1682249835.823309,19
1682249835.936230,20
1682249836.040215,14
1682249836.145257,17
1682249836.249788,16
1682249836.354347,11
1682249836.465277,12
1682249836.569015,18
1682249836.673404,19
1682249836.786674,19
1682249836.891296,17
1682249836.995482,16
1682249837.099747,20
1682249837.203227,18
1682249837.306853,19
1682249837.410360,20
1682249837.513751,18
1682249837.624823,17
1682249837.728785,17
1682249837.833384,10
1682249837.949956,9
1682249838.053594,8
1682249838.157831,8
1682249838.262510,8
1682249838.367441,9
1682249838.471418,8
1682249838.575132,9
1682249838.678694,9
1682249838.783057,8
1682249838.887498,10
1682249838.997836,10
1682249839.101166,10
1682249839.204429,10
1682249839.308127,8
1682249839.412481,10
1682249839.516125,10
1682249839.620831,9
1682249839.724922,10
1682249839.829770,9
1682249839.934146,10
1682249840.037435,10
1682249840.141439,11
1682249840.244804,10
1682249840.348670,10
1682249840.453723,9
1682249840.557082,10
1682249840.660902,6
1682249840.765612,7
1682249840.874536,9
1682249840.978885,9
1682249841.082471,10
1682249841.185977,9
1682249841.289924,9
1682249841.398840,10
1682249841.503768,11
1682249841.607537,11
1682249841.711368,11
1682249841.814682,10
1682249841.918332,9
1682249842.022131,10
1682249842.127508,10
1682249842.232031,9
1682249842.336177,10
1682249842.440974,4
1682249842.546047,4
1682249842.649478,3
1682249842.752907,4
1682249842.861959,7
1682249842.966175,14
1682249843.076863,19
1682249843.181243,20
1682249843.285214,20
1682249843.388884,19
1682249843.492480,18
1682249843.602059,18
1682249843.705737,16
1682249843.809184,20
1682249843.912903,20
1682249844.016560,20
1682249844.122849,20
1682249844.233149,19
1682249844.337028,20
1682249844.441508,18
1682249844.546824,20
1682249844.650836,19
1682249844.754454,19
1682249844.858013,19
1682249844.963982,14
1682249845.067855,12
1682249845.172482,15
1682249845.276972,19
1682249845.380653,20
1682249845.485366,19
1682249845.589113,20
1682249845.693316,18
1682249845.804413,16
1682249845.908635,19
1682249846.012693,20
1682249846.118578,20
1682249846.229639,16
1682249846.333961,17
1682249846.437442,19
1682249846.540838,17
1682249846.646544,15
1682249846.749871,12
1682249846.854517,16
1682249846.957984,20
1682249847.066995,19
1682249847.170928,20
1682249847.275407,19
1682249847.380572,17
1682249847.491187,18
1682249847.595623,18
1682249847.699500,20
1682249847.803867,18
1682249847.907138,20
1682249848.013017,19
1682249848.122557,20
1682249848.226273,19
1682249848.332315,15
1682249848.436224,12
1682249848.540016,11
1682249848.644405,9
1682249848.748144,9
1682249848.855043,8
1682249848.960671,8
1682249849.065937,8
1682249849.171205,8
1682249849.274999,8
1682249849.384861,7
1682249849.494230,9
1682249849.597756,11
1682249849.702291,10
1682249849.805459,12
1682249849.909203,12
1682249850.021889,11
1682249850.125876,12
1682249850.230121,12
1682249850.334295,11
1682249850.442218,13
1682249850.545671,13
1682249850.649079,12
1682249850.756068,13
1682249850.859857,13
1682249850.964673,13
1682249851.068058,13
1682249851.173232,10
1682249851.277404,11
1682249851.382033,10
1682249851.485378,12
1682249851.589075,11
1682249851.692458,11
1682249851.796502,10
1682249851.899936,10
1682249852.004926,12
1682249852.109226,12
1682249852.212987,13
1682249852.317455,12
1682249852.422252,13
1682249852.525637,13
1682249852.629796,14
1682249852.734317,5
1682249852.845433,2
1682249852.949670,1
1682249853.058250,3
1682249853.162009,3
1682249853.266156,6
1682249853.370182,7
1682249853.481519,9
1682249853.585370,15
1682249853.689194,20
1682249853.793408,19
1682249853.897142,20
1682249854.001648,20
1682249854.108815,17
1682249854.217070,19
1682249854.321764,14
1682249854.425241,20
1682249854.530925,19
1682249854.635226,20
1682249854.739701,20
1682249854.844045,20
1682249854.954331,19
1682249855.057799,19
1682249855.162266,19
1682249855.266980,20
1682249855.372038,18
1682249855.476320,19
1682249855.586217,15
1682249855.689686,11
1682249855.793152,10
1682249855.896931,13
1682249856.005150,20
1682249856.109262,20
1682249856.212573,20
1682249856.315887,20
1682249856.425588,17
1682249856.529169,19
1682249856.633071,20
1682249856.737032,20
1682249856.841107,19
1682249856.944541,19
1682249857.048315,17
1682249857.158468,14
1682249857.262961,13
1682249857.366694,12
1682249857.472074,11
1682249857.575975,10
1682249857.679947,15
1682249857.783310,20
1682249857.886641,19
1682249857.991504,20
1682249858.098059,19
1682249858.210443,19
1682249858.315719,18
1682249858.419676,18
1682249858.523629,20
1682249858.628369,20
1682249858.732043,19
1682249858.836799,18
1682249858.940785,20
1682249859.055663,20
1682249859.160113,20
1682249859.263659,19
1682249859.367803,19
1682249859.471698,16
1682249859.575224,11
1682249859.679461,10
1682249859.784587,9
1682249859.888043,8
1682249859.992707,8
1682249860.097124,8
1682249860.202503,9
1682249860.306949,9
1682249860.412223,10
1682249860.516327,10
1682249860.620165,12
1682249860.731464,12
1682249860.835498,12
1682249860.939195,13
1682249861.050955,12
1682249861.155468,13
1682249861.259357,14
1682249861.362926,14
1682249861.466915,13
1682249861.570719,14
1682249861.677933,13
1682249861.782766,13
1682249861.889423,11
1682249861.993545,11
1682249862.097166,11
1682249862.201239,11
1682249862.305358,11
1682249862.410188,11
1682249862.513761,11
1682249862.626485,10
1682249862.730468,11
1682249862.835221,10
1682249862.939446,11
1682249863.044419,5
1682249863.155404,2
1682249863.258749,3
1682249863.362589,3
1682249863.474263,7
1682249863.577796,8
1682249863.681302,10
1682249863.790883,6
1682249863.895160,0
1682249863.999183,0
1682249864.110839,0
1682249864.215037,0
1682249864.318525,0
1682249864.433420,0
1682249864.537618,0
1682249864.645175,0
