1682175936.014900,0
1682175936.125389,0
1682175936.257825,0
1682175936.370069,0
1682175936.475406,0
1682175936.582375,0
1682175936.689929,0
1682175936.798096,0
1682175936.902043,0
1682175937.014223,0
1682175937.118806,0
1682175937.237714,1
1682175937.342171,0
1682175937.455535,0
1682175937.570699,0
1682175937.682556,0
1682175937.787751,0
1682175937.893439,0
1682175937.998758,0
1682175938.104051,0
1682175938.213064,0
1682175938.317892,0
1682175938.425006,0
1682175938.530929,0
1682175938.643425,0
1682175938.747187,0
1682175938.856984,0
1682175938.961551,0
1682175939.065497,0
1682175939.182338,0
1682175939.289275,0
1682175939.395570,0
1682175939.501710,0
1682175939.632216,0
1682175939.739609,0
1682175939.844410,0
1682175939.950470,0
1682175940.056260,0
1682175940.160174,0
1682175940.267814,0
1682175940.371701,0
1682175940.475677,0
1682175940.579928,0
1682175940.686604,0
1682175940.791968,0
1682175940.896807,0
1682175941.002413,0
1682175941.117247,0
1682175941.222813,0
1682175941.327958,0
1682175941.439716,0
1682175941.546432,0
1682175941.651050,0
1682175941.755524,0
1682175941.863668,1
1682175941.977577,0
1682175942.081995,0
1682175942.186687,0
1682175942.290488,0
1682175942.403964,0
1682175942.510505,0
1682175942.614488,0
1682175942.718946,0
1682175942.822615,0
1682175942.939304,0
1682175943.046177,0
1682175943.150905,0
1682175943.255935,0
1682175943.361849,0
1682175943.476546,0
1682175943.584137,0
1682175943.689336,0
1682175943.793920,0
1682175943.901509,0
1682175944.005905,0
1682175944.111031,0
1682175944.215575,0
1682175944.320755,0
1682175944.434450,0
1682175944.538977,0
1682175944.643375,0
1682175944.750349,0
1682175944.861322,0
1682175944.967539,0
1682175945.073927,0
1682175945.178404,0
1682175945.283952,0
1682175945.416229,0
1682175945.522677,0
1682175945.626375,0
1682175945.731759,0
1682175945.837116,0
1682175945.941312,0
1682175946.045342,0
1682175946.149028,0
1682175946.253025,0
1682175946.357266,0
1682175946.461215,0
1682175946.565065,0
1682175946.670683,0
1682175946.775539,0
1682175946.885198,0
1682175947.010686,0
1682175947.115942,0
1682175947.229921,0
1682175947.333891,0
1682175947.439682,0
1682175947.546491,0
1682175947.650698,0
1682175947.754361,0
1682175947.858998,0
1682175947.964375,0
1682175948.069969,0
1682175948.174568,0
1682175948.302481,0
1682175948.413242,0
1682175948.528752,0
1682175948.636341,0
1682175948.758836,0
1682175948.863433,0
1682175948.969555,0
1682175949.104255,0
1682175949.221188,0
1682175949.328250,0
1682175949.433139,0
1682175949.563358,0
1682175949.678779,0
1682175949.783817,0
1682175949.890541,0
1682175949.995471,0
1682175950.101647,0
1682175950.207167,0
1682175950.312462,0
1682175950.416102,0
1682175950.520749,0
1682175950.631329,0
1682175950.736484,0
1682175950.840762,0
1682175950.945375,0
1682175951.050311,0
1682175951.160593,0
1682175951.264913,0
1682175951.369507,0
1682175951.473832,0
1682175951.580945,0
1682175951.688215,0
1682175951.791863,0
1682175951.898038,0
1682175952.001624,0
1682175952.105039,0
1682175952.210439,0
1682175952.317160,0
1682175952.443299,0
1682175952.557475,0
1682175952.665999,0
1682175953.287353,0
1682175953.391567,0
1682175953.496062,0
1682175953.600364,0
1682175953.730094,0
1682175953.843503,0
1682175953.968053,0
1682175954.081238,0
1682175954.190298,0
1682175954.302368,0
1682175954.406913,0
1682175954.512793,0
1682175954.619658,0
1682175954.739239,0
1682175954.843922,0
1682175954.948776,0
1682175955.053516,0
1682175955.158541,0
1682175955.264372,0
1682175955.369771,0
1682175955.477912,0
1682175955.591438,0
1682175955.698833,0
1682175955.803669,0
1682175955.937443,0
1682175956.043149,0
1682175956.149135,0
1682175956.260299,0
1682175956.365635,0
1682175956.470384,0
1682175956.574727,0
1682175956.679787,0
1682175956.783812,0
1682175956.887435,0
1682175956.993865,0
1682175957.120794,0
1682175957.227095,0
1682175957.342326,0
1682175957.451473,0
1682175957.558010,0
1682175957.690932,0
1682175957.801636,0
1682175957.907148,0
1682175958.011819,0
1682175958.117089,0
1682175958.224544,0
1682175958.329030,0
1682175958.434427,0
1682175958.538808,0
1682175958.644229,0
1682175958.748926,0
1682175958.854335,0
1682175958.959750,0
1682175959.072307,0
1682175959.177207,0
1682175959.281902,0
1682175959.385350,0
1682175959.513984,0
1682175959.622458,0
1682175959.738138,0
1682175959.848158,0
1682175959.952349,0
1682175960.056655,0
1682175960.162349,0
1682175960.279120,0
1682175960.391319,0
1682175960.496256,0
1682175960.599713,0
1682175960.710598,0
1682175960.815238,0
1682175960.920266,0
1682175961.024271,0
1682175961.133311,0
1682175961.239092,0
1682175961.342967,0
1682175961.447923,0
1682175961.580309,0
1682175961.692954,0
1682175961.799631,0
1682175961.912287,0
1682175962.018129,0
1682175962.121891,0
1682175962.229823,0
1682175962.334391,0
1682175962.438277,0
1682175962.542174,0
1682175962.661708,0
1682175962.765861,0
1682175962.869855,0
1682175962.976243,0
1682175963.081594,0
1682175963.213020,0
1682175963.323321,0
1682175963.440771,0
1682175963.547223,3
1682175963.651690,1
1682175963.755846,0
1682175963.860943,0
1682175963.966920,0
1682175964.071129,0
1682175964.175041,0
1682175964.287211,0
1682175964.391444,0
1682175964.495883,0
1682175964.602050,0
1682175964.708820,0
1682175964.815752,0
1682175964.921686,0
1682175965.026379,0
1682175965.131779,0
1682175965.236390,0
1682175965.341105,0
1682175965.451169,0
1682175965.556382,0
1682175965.661776,0
1682175965.765902,0
1682175965.882086,0
1682175965.990757,0
1682175966.111670,0
1682175966.224873,0
1682175966.329530,0
1682175966.433924,0
1682175966.538563,0
1682175966.673247,0
1682175966.777695,0
1682175966.886184,0
1682175967.023529,0
1682175967.154429,0
1682175967.270751,0
1682175967.404859,0
1682175967.528307,0
1682175967.663285,0
1682175967.774512,0
1682175967.914804,0
1682175968.050978,0
1682175968.184750,0
1682175968.309779,0
1682175968.417570,0
1682175968.527892,0
1682175968.643652,0
