1682205959.590378,0
1682205959.694764,3
1682205959.810464,3
1682205959.914191,3
1682205960.020904,3
1682205960.125838,2
1682205960.229756,2
1682205960.333408,1
1682205960.437273,1
1682205960.545044,2
1682205960.649541,3
1682205960.753825,7
1682205960.859421,8
1682205960.963062,9
1682205961.069102,7
1682205961.173140,8
1682205961.279991,8
1682205961.389540,8
1682205961.494655,8
1682205961.598323,8
1682205961.703538,8
1682205961.807139,8
1682205961.911857,8
1682205962.015760,8
1682205962.125068,8
1682205962.228790,8
1682205962.332428,8
1682205962.436083,8
1682205962.540309,9
1682205962.643796,9
1682205962.747944,9
1682205962.851543,8
1682205962.955162,8
1682205963.058759,8
1682205963.162340,8
1682205963.266081,8
1682205963.370015,7
1682205963.474066,7
1682205963.581619,7
1682205963.685207,7
1682205963.791652,7
1682205963.895686,7
1682205963.999775,8
1682205964.103457,8
1682205964.207368,7
1682205964.311030,7
1682205964.415189,7
1682205964.518873,7
1682205964.623100,7
1682205964.726784,8
1682205964.831506,7
1682205964.935397,7
1682205965.039102,7
1682205965.142910,7
1682205965.251513,7
1682205965.355109,7
1682205965.460233,7
1682205965.563954,7
1682205965.668469,7
1682205965.772644,7
1682205965.877136,7
1682205965.980855,8
1682205966.085258,7
1682205966.194118,8
1682205966.297728,9
1682205966.401728,8
1682205966.506784,10
1682205966.611454,11
1682205966.715201,12
1682205966.819057,12
1682205966.925704,12
1682205967.035428,12
1682205967.139093,12
1682205967.242880,12
1682205967.346783,12
1682205967.460133,12
1682205967.564367,12
1682205967.668600,12
1682205967.772639,12
1682205967.883542,12
1682205967.987235,12
1682205968.090736,12
1682205968.194673,13
1682205968.298849,13
1682205968.403392,12
1682205968.507866,12
1682205968.612108,12
1682205968.717990,12
1682205968.821568,12
1682205968.927386,12
1682205969.030901,12
1682205969.134439,12
1682205969.238253,11
1682205969.342107,11
1682205969.445877,11
1682205969.550001,11
1682205969.655413,11
1682205969.759179,10
1682205969.863344,10
1682205969.967124,10
1682205970.071071,10
1682205970.175603,10
1682205970.279681,10
1682205970.383398,10
1682205970.486963,11
1682205970.598037,10
1682205970.701604,10
1682205970.805841,10
1682205970.909923,10
1682205971.019834,11
1682205971.123488,10
1682205971.227410,10
1682205971.332283,10
1682205971.435814,10
1682205971.541594,10
1682205971.648062,10
1682205971.752914,10
1682205971.856546,10
1682205971.961409,7
1682205972.065164,6
1682205972.171763,12
1682205972.275274,12
1682205972.379288,30
1682205972.482906,17
1682205972.588022,17
1682205972.691807,17
1682205972.796046,18
1682205972.899674,18
1682205973.010130,18
1682205973.113650,18
1682205973.217464,18
1682205973.321194,19
1682205973.431227,19
1682205973.534876,20
1682205973.638552,18
1682205973.742049,18
1682205973.847343,18
1682205973.955463,18
1682205974.059218,18
1682205974.163276,18
1682205974.267576,18
1682205974.371740,17
1682205974.477751,17
1682205974.586845,17
1682205974.690494,17
1682205974.794042,17
1682205974.897647,18
1682205975.002023,17
1682205975.105638,17
1682205975.209829,17
1682205975.313480,17
1682205975.417804,17
1682205975.521425,17
1682205975.625707,18
1682205975.729274,17
1682205975.833874,16
1682205975.937860,16
1682205976.043221,15
1682205976.146818,16
1682205976.250392,16
1682205976.354002,15
1682205976.465913,14
1682205976.570214,14
1682205976.674645,13
1682205976.778310,14
1682205976.881863,13
1682205976.985515,13
1682205977.089231,13
1682205977.194200,13
1682205977.303155,13
1682205977.409939,13
1682205977.513547,14
1682205977.623128,18
1682205977.726971,19
1682205977.831134,45
1682205977.934908,20
1682205978.038552,35
1682205978.142412,17
1682205978.245989,17
1682205978.349669,17
1682205978.453412,17
1682205978.556901,17
1682205978.660392,18
1682205978.769997,18
1682205978.873570,17
1682205978.977224,17
1682205979.081383,17
1682205979.186791,17
1682205979.295195,17
1682205979.399674,17
1682205979.503335,17
1682205979.608874,17
1682205979.717675,17
1682205979.821516,17
1682205979.925208,17
1682205980.029386,17
1682205980.133010,17
1682205980.243756,17
1682205980.347459,17
1682205980.451194,17
1682205980.554810,17
1682205980.663547,17
1682205980.767473,17
1682205980.871919,18
1682205980.975834,19
1682205981.079567,20
1682205981.184319,20
1682205981.293893,19
1682205981.398406,19
1682205981.502226,19
1682205981.608915,19
1682205981.712842,19
1682205981.816473,19
1682205981.920471,19
1682205982.023981,19
1682205982.132347,19
1682205982.236842,19
1682205982.340379,19
1682205982.444044,19
1682205982.547843,19
1682205982.659011,19
1682205982.763079,19
1682205982.866824,19
1682205982.970437,19
1682205983.079337,19
1682205983.182995,18
1682205983.286648,19
1682205983.390427,21
1682205983.493968,21
1682205983.599867,23
1682205983.705072,25
1682205983.808653,24
1682205983.917659,25
1682205984.021403,25
1682205984.124895,24
1682205984.228491,23
1682205984.333792,23
1682205984.438934,23
1682205984.543367,23
1682205984.647088,23
1682205984.751300,22
1682205984.855070,21
1682205984.959453,21
1682205985.063338,21
1682205985.167027,22
1682205985.270713,22
1682205985.380441,22
1682205985.484280,21
1682205985.588067,21
1682205985.691761,21
1682205985.795687,21
1682205985.900667,21
1682205986.004597,22
1682205986.108981,22
1682205986.212591,22
1682205986.316976,21
1682205986.420641,21
1682205986.527270,21
1682205986.631045,21
1682205986.736704,21
1682205986.840322,22
1682205986.948995,22
1682205987.052692,23
1682205987.156814,23
1682205987.260383,24
1682205987.364484,23
1682205987.470517,23
1682205987.582081,23
1682205987.686383,23
1682205987.789887,23
1682205987.893641,22
1682205987.997898,21
1682205988.101722,20
1682205988.205994,20
1682205988.309626,20
1682205988.414175,20
1682205988.520293,21
1682205988.624466,21
1682205988.728242,21
1682205988.833711,20
1682205988.937396,27
1682205989.043084,20
1682205989.146888,22
1682205989.252308,30
1682205989.358696,22
1682205989.464106,22
1682205989.569508,22
1682205989.674421,27
1682205989.777849,0
1682205989.883186,0
1682205989.993465,0
1682205990.097473,0
1682205990.203247,0
1682205990.307669,0
1682205990.419816,0
1682205990.523216,0
1682205990.627424,0
1682205990.749062,0
1682205990.860142,0
1682205990.970363,0
1682205991.075559,0
1682205991.189348,0
1682205991.302062,0
1682205991.407743,0
1682205991.512642,0
1682205991.629226,0
1682205991.750703,0
1682205991.854166,0
1682205991.959102,0
1682205992.075718,0
1682205992.179429,0
1682205992.284530,0
1682205992.400336,0
1682205992.505904,0
1682205992.610226,0
1682205992.714846,0
1682205992.826891,0
1682205992.931247,0
1682205993.035234,0
1682205993.152868,0
1682205993.257676,0
1682205993.369125,0
1682205993.473987,0
1682205993.602397,0
1682205993.708045,0
1682205993.812282,0
1682205993.943142,0
1682205994.049543,0
1682205994.154308,0
1682205994.271488,0
1682205994.378055,0
1682205994.483283,0
1682205994.609630,0
